21
1100110011001100110
0.0
1100110011001100101
0.0
1100110011001100011
0.0
1100110011001010101
0.0
1100110011001010011
0.0
1100110011000110011
0.0
1100110010101010101
0.0
1100110010101010011
0.0
1100110010100110011
0.0
1100110001100110011
0.0
1100101010101010101
0.0
1100101010101010011
0.0
1100101010100110011
0.0
1100101001100110011
0.0
1100011001100110011
0.0
1010101010101010101
0.0
1010101010101010011
0.0
1010101010100110011
0.0
1010101001100110011
0.0
1010011001100110011
0.0
0110011001100110011
0.0
