28
11001100110011001100110
0.0
11001100110011001100101
0.0
11001100110011001100011
0.0
11001100110011001010101
0.0
11001100110011001010011
0.0
11001100110011000110011
0.0
11001100110010101010101
0.0
11001100110010101010011
0.0
11001100110010100110011
0.0
11001100110001100110011
0.0
11001100101010101010101
0.0
11001100101010101010011
0.0
11001100101010100110011
0.0
11001100101001100110011
0.0
11001100011001100110011
0.0
11001010101010101010101
0.0
11001010101010101010011
0.0
11001010101010100110011
0.0
11001010101001100110011
0.0
11001010011001100110011
0.0
11000110011001100110011
0.0
10101010101010101010101
0.0
10101010101010101010011
0.0
10101010101010100110011
0.0
10101010101001100110011
0.0
10101010011001100110011
0.0
10100110011001100110011
0.0
01100110011001100110011
0.0
