28
1100110011001100110011001
0.0
1100110011001100110010101
0.0
1100110011001100110010011
0.0
1100110011001100101010101
0.0
1100110011001100101010011
0.0
1100110011001100100110011
0.0
1100110011001010101010101
0.0
1100110011001010101010011
0.0
1100110011001010100110011
0.0
1100110011001001100110011
0.0
1100110010101010101010101
0.0
1100110010101010101010011
0.0
1100110010101010100110011
0.0
1100110010101001100110011
0.0
1100110010011001100110011
0.0
1100101010101010101010101
0.0
1100101010101010101010011
0.0
1100101010101010100110011
0.0
1100101010101001100110011
0.0
1100101010011001100110011
0.0
1100100110011001100110011
0.0
1010101010101010101010101
0.0
1010101010101010101010011
0.0
1010101010101010100110011
0.0
1010101010101001100110011
0.0
1010101010011001100110011
0.0
1010100110011001100110011
0.0
1001100110011001100110011
0.0
